Layer 1:

43 58 15 64 51 18 57 50 36 49 7 48 4 39 5 61 21 46 17 13 50 17 36 16 6 38 44 11 55 57 8 35 4 34 40 3 20 50 59 37 12 63 21 24 33 10 8 36 28 13 17 62 26 32 32 50 6 17 53 43 45 55 42 21 14 39 10 26 43 60 45 28 7 16 18 27 30 9 59 16 62 32 28 17 54 37 31 50 20 12 32 15 56 47 54 47 13 42 64 32 44 40 36 35 63 61 43 42 47 33 25 15 42 33 30 40 25 53 4 59 64 22 64 10 17 30 58 50

Layer 2:

B3 25 29 29 3 7 31 14 31 30 31 20 15 32 2 13 23 26 31 22 17 31 8 27 13 14 18 5 3 15 21 22 15 28 4 13 16 21 4 30 19 8 27 16 31 14 6 1 5 13 11 9 13 20 29 20 6 30 17 30 5 20 7 3 

Layer 3:

C2 1 13 7 9 8 8 11 12 5 4 10 6 1 11 11 11 15 11 15 16 12 13 1 15 1 4 4 6 1 3 5 

Layer 4:

D1 1 1 6 2 7 1 1 6 1 4 8 4 8 5 5 

Layer 5:

E2 2 2 4 2 4 1 3 

First layer kernels:F

-0.0026557266300633042 -0.049166964220921795 0.03837889166979014 0.08712634356861135 
0.05616901577935471 -0.04672033139739443 0.08066334555651797 0.005219191659936201 
-0.012096288322894111 -0.02202199889427188 -0.07472011934078271 -0.07984759751374215 
0.07147329945746198 0.05828433938633601 0.041852089616780996 -0.07518603075876987 
-0.02132204014477683 -0.06082413590288036 0.011244203252526591 0.09408701982054396 
0.09290882610721798 0.060845443792862136 -0.030217772280075272 -0.005021625162302784 
-0.0045295848117265225 0.07683238684024482 0.08389344001040883 -0.09406770299854879 
0.09738363159487692 0.08557647274400654 0.0013580376297253893 0.07257713655218517 
0.010305928953529137 0.06210896437572955 -0.009519555279405026 0.005485194079362238 
-0.09901459206644168 -0.0875686541085526 -0.03706451913385654 0.021227265666017986 
-0.05120513483154763 0.04778513515735347 -0.007215328378665495 -0.04557027609597322 
-0.04781678081498478 0.00986893181644373 -0.04506526047953144 -0.06870721034008956 
0.0675662119355726 -0.06987957014589373 -0.07640636614305084 0.09679185655101169 
-0.006278929826740762 0.09370640070533082 0.09296066645000775 -0.04257442227507462 
0.042930945860077924 -0.050891497642051836 -0.09762613078826127 0.061402207630063904 
0.0809674615596084 -0.03125989833548615 0.05131068103863462 0.09359876248583501 
-0.068899154886955 -0.06004328167639288 -0.013496319793555658 0.06429333242040702 
-0.05779892135386096 -0.020348381710786345 0.02429245864062693 0.08147446446938553 
-0.07704166015063874 0.0924936121111879 -0.024206532829259858 -0.046408089112361744 
0.03791222510552572 -0.05844527319243367 0.02098103078539329 -0.04528755178452935 
-0.03951539022157087 0.006660561370658111 -0.012831810901776736 -0.06851011773053031 
-0.0009316064936965712 0.0700757598774496 -0.08963817599197604 0.015894336982359508 
0.09450577171411464 -0.030744239239640786 0.05182736556050524 -0.0313657835278318 
0.026942582554142114 -0.09149911201324382 0.07143442522791232 -0.07566900531176977 
0.08595815776204282 0.08380596466464604 0.07926405916056409 0.08739345280673289 
-0.09548692675228734 -0.09002052574370928 0.011955263423650414 -0.059378364907483744 
-0.09794168159996536 0.06528905313047839 -0.018658062799626562 0.06192428169068315 
-0.07017416290273276 -0.07554072475128736 -0.0810203104237055 0.03236456700894269 
-0.02107533797845873 -0.07435300364247373 -0.018186649562550367 -0.06429516091007388 
0.06771158479930259 0.06332679312270681 0.06772833819406715 -0.06529365744209721 
0.05535267042931363 -0.016708423405998582 -0.05792827443780475 0.020395412732141543 
-0.048984042574863974 0.09822988564619436 -0.08012152758495715 0.04466383244164737 
-0.03887176810436699 0.0214493626428727 0.09246237669744026 -0.09878972210902469 
-0.0638630683029164 0.04645443050831061 0.04026567999580477 -0.08511641225160982 
0.03881443289769071 0.06109827886353622 0.02189005638437244 0.009382937557711843 
-0.07070580233382494 -0.03201166179645554 0.04270246956327689 0.00026953370330584647 
0.006017375609009015 -0.025711014647000638 -0.07008150711638045 0.08030572566573921 
-0.04347595815357983 -0.014822975780942466 -0.0950301907080406 -0.007487591650257475 
0.03307938552935816 0.03986486890376256 0.02512463424198258 -0.08675561199535611 
-0.08904838207487537 -0.05604291811854043 0.0971254522729624 -0.053820419196210216 
0.09632240614078369 -0.008415775156447342 0.007194790580927021 -0.07784576177884682 
0.03437007114735119 -0.07865160072738826 0.019652823877907927 0.0667357691215954 
0.0039071525262245055 -0.006049855283944597 0.018268387488889287 0.06891535204250862 
-0.09816504330485294 0.03289428837252609 0.07214267642323355 0.028418894905210823 
-0.07695055033440604 0.09615000706771235 -0.08940494478398793 -0.03161102552390342 
-0.041837620842942805 0.03249157077639847 -0.005321175924298774 0.08177722959913744 
0.0649436629752039 0.00678385784895312 -0.044524716447383206 0.05567900786740415 
0.061762546602195434 -0.044229011026093334 0.07898924756730194 0.03665632719311082 
0.047649525473527576 -0.019589332249189323 0.08789602022848095 0.060703204998893784 
0.09508697182833581 0.08883386655772141 0.07201231704549979 0.004972890269003577 
0.07756229958276131 -0.08315864706977644 -0.05946097622895477 0.0792816656489514 
0.09712514005455952 0.01082080042542384 -0.020832775151044272 0.0047648804852400695 
-0.005571562250170997 -0.06447760679510589 0.010411949633956613 0.03301684888487422 
-0.093221287736238 0.06140621705023294 0.0003015689048835035 0.003784678369138275 
0.004024447214823174 0.05840024262723778 0.05279085551101334 0.048138829228142416 
-0.04230987301766494 -0.057895123898747604 -0.08759214248623522 0.0253578566798969 
-0.05051365324960107 -0.07297795974625981 0.08515158788875174 0.0637459959522651 
0.060761454749674204 0.04290846644621049 0.000508015892103586 0.059547585596556984 
-0.0046058933619402 0.02505536269580566 -0.08622008663396637 -0.028366047543717257 
-0.07039584711876318 0.02290401730593114 0.010574633754453264 0.08492495938522623 
0.0751324263166005 -0.0907882582568516 0.016890099499252756 0.06811683655010034 
0.05157361507441183 0.05803829595889584 0.03375565914996437 -0.04415352032461504 
-0.06451030225309873 -0.0032367499611622996 0.012237680844189525 -0.02429587217535982 
0.052619697508173496 0.024535308884193155 0.06642682717590354 -0.0990252839637921 
-0.011758689139780593 -0.0477326246705065 -0.09462263130013132 0.027980422793305537 
-0.05051494978189737 0.006953024722662307 0.09071543674700142 -0.02049537966170692 
0.01995223890050002 0.038813223660582485 0.08339783782655716 -0.06338278847044293 
-0.006746914867337139 -0.05217409618885225 -0.028956485414901992 0.05962066560055243 
0.021431307852895903 0.025198296913295726 -0.048906644718617324 -0.01679805321183285 
-0.047612990743416586 -0.022994963050738074 0.006386165445523548 0.049716812325480114 
0.03556113575785377 -0.018283719800773174 -0.060528503778191835 0.05258421959350831 
-0.013338028667255891 0.006369766775181834 0.0940248666316825 -0.0660472387681555 
-0.03817134254180676 0.0032130791238876577 0.06491820195715448 -0.01370543170411434 
-0.062079315170562824 -0.05140479697918243 -0.0055372513152211755 0.08079553286939681 
-0.07538471306446484 -0.053131110618857384 0.05775659480399348 0.04928354821454001 
0.04191799280446379 0.09500370462891478 0.09038118488834743 -0.09548988196405417 
0.04970176350786179 0.012009382587976944 0.009288042166237048 -0.09806335708705001 
-0.012738199367491015 0.08582864352061267 0.07257091787934566 0.07708000967924808 
0.09695216747929697 -0.09312575942268375 0.08107836995920303 -0.076912838265065 
-0.04201122559327906 0.06694808280090289 -0.05397176216145221 -0.041515344661430434 
-0.07621676782124097 -0.01175892120885813 -0.039933262353615856 0.08017570813942504 
-0.012831770578109608 -0.0713014092757036 -0.0339746076614726 -0.009947727879432322 
-0.08886951462422787 0.058165793732148946 0.09034920356773463 -0.0016137814482257429 
0.07625392784032231 0.03630150894654502 -0.08590803327251513 -0.029005572893496798 
0.037569964224897945 -0.046393945022118646 0.09439951456769732 0.018104696397676978 
0.003133919940224314 -0.012668245286588123 -0.0942507178316653 -0.062107065529270145 
-0.0566278097266755 0.08565132765719594 -0.013741462096059087 -0.004389800606122679 
0.074296039069019 0.04949742498663032 -0.006460274266626181 -0.09993504950008024 
0.027196388201538774 -0.0762458163891054 0.0895336933226375 -0.07930720731830075 
-0.046290221179987406 0.05861046534390077 0.004803628930641304 0.016649186633152332 
-0.053903062526488445 -0.07652646708127082 -0.06490238457368631 0.006873413174307966 
0.0817832565138174 0.018240220073079322 -0.019806201873821982 -0.03447703310196136 
-0.07957040716170392 -0.03836792994636984 0.01841727996358107 0.09522382762589049 
-0.019015751781804507 -0.028206821166381055 0.09830336738072334 0.06306800873240356 
0.07439756680052134 0.09917741185710319 0.02070235435794801 -0.031722108661167966 
0.062370761737041425 0.01771970188558518 0.0017361179337242738 -0.04098412258649234 
0.04315422421599993 -0.020857872826501686 -0.08893668749718626 -0.032793808617397335 
0.06323541322403689 0.03607523635070048 -0.024581327498581745 -0.003126739014511687 
0.02209804284279164 0.09672335799273601 -0.03145618953909679 -0.05091956552795418 
-0.05724798318710283 -0.015754516272987143 0.01910522073381256 -0.05088756899415872 
-0.014557960672583331 0.05633415862513022 -0.0623305963885918 0.02805340143860613 
-0.03913948302581163 -0.08148220490251595 0.059304960669325446 0.05930888463628267 
0.03416571032983895 -0.06219475525056842 0.06561805319351527 -0.04791777231597982 
-0.00329015688152115 -0.0243155141616868 0.07495721316281995 0.06850522449983845 
0.036628184535514474 0.015696054631838402 -0.03978328482467817 0.010118333012736708 
-0.07636207841302078 -0.04131520406244926 0.06227225432730302 -0.03524038074068983 
0.039314023989736546 0.08753160851007577 -0.052084247377458405 0.059104007347372395 
0.05390083394103329 -0.017428951041418103 -0.017622282216738935 0.0323141980909446 
0.07471811555820668 0.008177664476243532 0.047923999717956356 0.029757376770818078 
0.03392278983779437 0.08118371061746102 0.025984228201654053 0.08580286746187196 
-0.07589234395259666 -0.0553062693652757 0.023422020435605664 -0.016994374760426756 
0.0862140051016276 -0.04627379400658345 0.04854477642457539 0.04107465010024136 
-0.034909911731283425 0.0534780497385938 -0.08195024256253565 0.0919986922424113 
-0.05326177258380789 -0.06678516575794033 -0.0452188120696085 0.037332721977704014 
0.09076420798231893 -0.015232240305881148 0.09517744609563225 0.06656693702089259 
-0.05729867724036324 0.026268754899753388 -0.09657085861625928 0.03479290337882121 
0.022275820145585865 0.09328287050144266 -0.07705256140883283 -0.06707606276258254 
0.056645079597299225 -0.03418629010633471 0.0777349256153069 -0.00786608342143566 
0.07918144744745778 -0.06904028823425741 -0.08945024816717465 -0.025394508923496636 
0.073446490757726 0.005800916625718022 -0.09350030709705631 -0.04613650091048227 
-0.06314210457422056 0.05664346640224713 0.04797277146887091 -0.04214074524313969 
0.03611078301822204 -0.09183682160381455 -0.004633513590672475 -0.09777613400334895 
-0.010579724942742397 0.04967216340715752 0.02496892433454749 0.0947405542433763 
-0.056257221144100415 -0.05381350253526743 0.041308316805717143 -0.09571936146682736 
-0.09020791347316613 0.048594184070420876 0.03442694665005097 -0.01824825302799031 
0.09778282036551508 -0.030530153174841382 -0.0924696424691794 -0.045819495379899294 
0.0888899501527293 -0.01567175661168871 -0.08890236809888732 0.051113236663008904 
0.08883484544629072 -0.024148703672607394 0.058508440028023384 0.0943864613335845 


Second layer kernels:G0.07698521574482933 0.011071655798013308 0.03341762839191503 -0.06706667948643785 
-0.06280253206632919 -0.095564904045423 0.0535399398086743 -0.09942004442393067 
0.08201772043671293 0.04714379383232695 0.09273685970175813 -0.05287438382173764 
-0.04982839675328479 -0.05831924169553775 -0.017542287972593246 0.022507161171831644 
0.09515387541395989 -0.010266984437237808 -0.06689514452778658 0.01404203810786571 
0.05247090299779342 0.07131031821343264 0.013454012143303593 -0.0791580728957651 
0.0014861720815206036 -0.06236282919265197 -0.08178023697898669 0.03685389713788145 
0.09192091662659846 -0.03171214166674639 0.09984787504782519 0.06846347373540579 
0.025442110748586017 0.092905983129801 -0.003798847542034453 -0.026742703720751895 
0.05806586234200778 0.07415606103211037 0.07817718280571981 0.0767253847078827 
0.055940091193828506 -0.08685660627707609 0.06253439572856109 -0.07767500520887999 
0.09660907798975665 -0.08185179392442686 0.02053286371512357 0.057229544914631114 
0.06443685231723226 -0.0832521830048709 0.0982460547155121 -0.0582348101828609 
-0.058894995289386826 0.08342796112806702 -0.09646252260263365 -0.0031149108013691362 
-0.06885766566913508 0.04723368569651101 -0.08189977629604764 0.03878499345108388 
0.008576741967182014 -0.0022083488839161197 0.09155748927932864 -0.049289241521293374 
0.06922268722884314 0.01144459630245212 0.09932024855410923 0.047246728477559646 
0.052314019070065554 0.009556461302099223 0.00595559751766897 -0.08264399416969713 
0.07632345323759596 -0.043712649300017614 -0.09645876655391522 -0.0015615804014312007 
-0.05297142502156245 -0.03466174959822864 -0.08714185567928844 -0.02929462942429646 
-0.0958008510248505 0.008471535180183135 -0.04671488550231376 -0.056644890948227555 
0.06827626351523142 0.09992732539457325 -0.006583535870433477 -0.03502004381152053 
-0.055560117326474506 0.05434231909054482 -0.062423837621192614 0.059574990499452585 
0.0260933298490372 -0.04934752572398911 -0.024526501077855034 -0.06118662373500734 
-0.032309415745538875 -0.009274453653080328 0.05208830487085278 0.09639310036869272 
0.05365802986496515 0.03357602653898423 -0.028353263441288815 0.09009821481165214 
-0.06758803378397812 0.07491122800811306 -0.08327715322360502 0.07016752089923745 
-0.03382676190911725 -0.08180949890278258 0.06751689120547852 0.05548907578314721 
-0.04229586339866696 -0.05919280043415501 -0.015133546986079757 -0.03638467392080927 
0.05729658060626752 -0.0737978447115121 -0.0577692665135712 0.06938989086630112 
0.047250825879392666 0.09763857288864897 0.0709449422949538 0.042714570139781693 
-0.023598575068774608 0.050521600112383686 -0.059925764678136956 -0.08047510876493624 
0.022483533488229485 -0.0778606084121023 0.09099441652611825 -0.019403442155776385 
0.0048581906722103 0.04054317576247307 -0.06084796180942598 -0.010721500964075065 
0.09374308523921238 -0.06726841617646845 0.05294875324418427 0.034756610673469246 
-0.05996159098782808 0.04213006597403607 -0.0738346790405859 0.018419493293869785 
0.028944148208835146 0.061277034972882505 0.004212759933665169 0.00536448864926313 
0.008352750433258671 -0.0715799131574362 0.055620040349461414 0.04123544503085702 
0.07162126781058145 -0.010078168179563265 -0.03240843908336276 0.005183061263480976 
0.06122053196279978 0.031097081624781475 0.08627061800645736 0.05042726764745015 
-0.054836440033052436 0.01854323104448838 0.05032873290696227 -0.09357975037814859 
-0.0016823874002677985 0.09121449778189286 0.00022395375780862037 -0.057238522164738376 
0.012257617901758902 -0.014236428110843205 0.054199196014604184 0.007762335388736413 
-0.018551533557555705 -0.021575065700653567 -0.027937901254507194 -0.08111258979655506 
-0.07580561228017527 0.039632182173369945 0.01384811619937136 0.0021609345070165153 
-0.09672361112535424 -0.06169315945593912 0.055709423547831566 -0.03932447495370755 
0.04130908413621864 -0.03984042459073589 -0.030991117786739783 -0.04548012980874852 
0.030818141850851355 -0.031217437072931675 0.07569912856410094 -0.01489593331026981 
0.046061556953801736 0.021134852659023887 -0.04920093988372938 -0.08356326881200415 
-0.05368563439394443 -0.032831418311501895 -0.031752488992120534 0.006372687601730903 
0.055307741004252425 -0.03858233363617014 0.053784497326954256 0.0921331234538274 
-0.07716514652503753 0.095662640270055 0.03733961685289505 -0.06555982633229143 
0.018331709905534815 0.054893291161448754 -0.020167697326026635 0.032939848107045894 
-0.09735669035446248 0.016914159750282765 0.05137852459173686 -0.07946460446047623 
0.08777677049435423 -0.04212001643580981 0.042345349945552724 0.08527144063355394 
-0.004038891778173695 -0.09801666661658148 -0.0376642338238004 0.06270499074971 
0.015741770232490723 0.07235759981880299 -0.08155810738068497 -0.09949848234254775 
-0.06107136567744673 -0.026914409403220124 -0.08028643205893676 0.004048974654623991 
0.014210524989962753 -0.022788674875429932 0.020229864521062277 -0.0349340511149938 
0.06401900822614348 -0.07847648483857446 -0.016944536382166128 -0.012128648544449769 
-0.014140835816167097 -0.08020965655432569 0.08471532019384517 0.05029538915496193 
-0.0015084938235710582 0.07423611512910797 -0.09856351352115487 -0.044675653170433496 
-0.05958726614507737 -0.09473406660617661 -0.02926394134918789 -0.09707103004774893 
0.08221772092204507 0.03600401812986345 -0.02461884616890868 -0.0916275549305689 


Third layer kernels:H-0.027743960282965538 0.052180091896988995 0.04267034139966569 -0.04355378659884124 
-0.020900252451992257 -0.04906277385799096 -0.0968284655898638 0.05405996565616908 
0.06789510659725767 -0.06808531931626066 0.09215616167852897 0.018163590035472965 
-0.007808707809860205 -0.05321282462717441 0.031130295397469365 0.02427641561277953 
0.0754894497598377 0.0766574827951568 -0.0012383034146568744 -0.07678751267959523 
-0.010912631800938932 0.012447034896465897 -0.06861903037540715 0.01907161380561713 
0.0520959123233414 -0.026278931814714926 0.07838113872252403 -0.036749474299151166 
0.004391916009004571 -0.014006195729937693 0.022312482032168998 0.054530459803755565 
0.09693576493415829 0.07414235588521409 0.04597137767481002 0.09852383407723328 
0.013622619049601076 0.03248391133300266 -0.08193586283452425 -0.02820779059785543 
-0.00012622667867492887 -0.008599430707554395 -0.04553219312861965 0.09254670224669878 
-0.05899001171891205 -0.062014037135925903 -0.05229047787231418 0.0620209153602877 
-0.04699796268608321 -0.07095057770563865 0.08984240461755924 0.04451682904745369 
0.017857868908644742 -0.05145873710453235 0.03816389433151468 -0.0581440892352789 
-0.0042505818389859396 0.0225417074670647 -0.06314802366476244 -0.030180681498822345 
0.00865403982095203 -0.09743462350798858 0.027014430948442164 0.08826904534860416 
-0.003631850041055512 -0.011954934707410492 0.09150264642647352 -0.07979651119715361 
-0.03326096874256344 0.06615829253424263 -0.09364108649631925 -0.03630309125283149 
0.06439459593405103 0.027654145828904297 0.04497372536929803 -0.04392496532099628 
0.0009163893309856175 0.08286728376827265 -0.06402098580228743 0.07580681867131653 
-0.00367735734127235 0.033434227750039985 -0.05189731374342637 -0.057572223377239176 
0.017885108198507887 -0.0570797320631437 -0.07979928115309982 -0.09204102932044658 
-0.016866599919358904 0.01703965186285225 -0.09989053458666369 -0.018051160462593432 
-0.02118886917554466 0.01630472708200026 0.06531046912600671 0.03742304892857848 
0.03868943864139471 0.04538301110866702 0.0798336295006212 0.03769389733096917 
-0.008856884226597764 0.010620886672727536 0.08881667995501119 0.04027906241264939 
-0.019729610531254327 0.08186779379185774 0.036450503556738095 -0.07485090415729312 
-0.022585839222736354 -0.06408633724116916 2.617863092553574e-05 -0.04490919465724648 
0.0636744208333054 -0.02556980876900579 -0.07572049494173208 0.09089180463525459 
-0.08216887491114822 0.07557759491983196 -0.028855498139377586 0.005708767061011227 
-0.04245616497602955 -0.011309540252200212 -0.05695382247698462 -0.03229149513609118 
0.094700707265129 0.005593525898684254 0.01760004030416666 -0.07332411477294228 


Fourth layer kernels:I-0.06425354244239319 -0.09389176420236359 -0.0972866138232153 -0.04255866823906376 
-0.019222829322436213 0.06498815889315726 -0.0869361068387196 -0.07259289664831137 
-0.06057440868517534 0.0988438978248708 -0.035467790565146595 -0.048949760929507674 
-0.0024236095002205527 -0.0041021647768501035 -0.06226415571499253 0.07928280064665713 
-0.013187528918559233 -0.08501944857221898 0.0038383085913965276 -0.0332033469357467 
0.0019586072342039768 -0.0037215383063346347 0.055760984735251984 -0.0029849039453242465 
-0.04286878380623376 -0.07990163243494158 0.049110548394068754 0.08196566816613168 
0.05914032050022386 0.03712352187374557 0.0983902731183813 0.045270425117631324 
0.043351305580324156 0.08522237391457221 -0.06657542816041886 0.07494364526168454 
-0.08337447667890996 -0.07241484167494866 0.07202119012041128 -0.05471953165813597 
-0.016307443722670054 0.009849901401748712 -0.0033797841781300075 -0.07804199837260911 
-0.0314065588220412 -0.038969416134490946 0.08745403552973574 -0.017626820687741726 
0.0401223829280255 -0.06318002373382123 0.08539827079266468 0.09249079847743302 
-0.0971085991025352 -0.019405422856466556 -0.032295709843982515 -0.014397583443469794 
-0.09096105134820501 -0.06918444628597616 0.018277616210943634 -0.07182800054787584 
0.07277211422835625 -0.06726798975558576 0.06056737578124308 -0.08342855530928801 


Fifth layer kernels:J0.05539231968557071 -0.08897239381887237 -0.05180288811091421 0.08801407745690662 
0.023870105559298846 -0.026643454733366476 0.011854762388932863 0.020897134878130913 
0.07659608144286309 0.023454460172156938 -0.019064800681159302 -0.007853933373898808 
-0.03180225124454686 0.04491780971566625 -0.06634274975618833 0.006158745045854314 
-0.0826310540616152 -0.05071468193364481 -0.08722895430190561 0.069577183670505 
0.04384482661566927 -0.09363950470370369 -0.029925987670208515 -0.014818705966080231 
0.06965286156510272 0.09754475777392388 -0.07597210711919589 -0.02941172723265731 
-0.0852044411388953 0.03868745036360394 0.047883765194193795 -0.02193089913227668 


First layer biases:K

0 0 0 0 0 0 0 0 0 0 0 0 0 0 0 0 0 0 0 0 0 0 0 0 0 0 0 0 0 0 0 0 0 0 0 0 0 0 0 0 0 0 0 0 0 0 0 0 0 0 0 0 0 0 0 0 0 0 0 0 0 0 0 0 0 0 0 0 0 0 0 0 0 0 0 0 0 0 0 0 0 0 0 0 0 0 0 0 0 0 0 0 0 0 0 0 0 0 0 0 0 0 0 0 0 0 0 0 0 0 0 0 0 0 0 0 0 0 0 0 0 0 0 0 0 0 0 0 

Second layer biases:L

0 0 0 0 0 0 0 0 0 0 0 0 0 0 0 0 0 0 0 0 0 0 0 0 0 0 0 0 0 0 0 0 0 0 0 0 0 0 0 0 0 0 0 0 0 0 0 0 0 0 0 0 0 0 0 0 0 0 0 0 0 0 0 0 

Third layer biases:M

0 0 0 0 0 0 0 0 0 0 0 0 0 0 0 0 0 0 0 0 0 0 0 0 0 0 0 0 0 0 0 0 

Fourth layer biases:N

0 0 0 0 0 0 0 0 0 0 0 0 0 0 0 0 

Fifth layer biases:O

0 0 0 0 0 0 0 0 
